4294967279,288
3,493
3,492
4294967278,365
3,491
3,490
3,489
3,488
3,487
3,486
4294967278,364
3,485
3,484
3,483
3,482
3,481
3,480
3,479
4294967278,363
3,478
3,477
3,476
3,475
3,474
3,473
4294967278,362
3,472
3,471
3,470
3,469
3,468
3,467
4294967278,361
3,466
3,465
3,464
3,463
3,462
3,461
4294967278,360
3,460
3,459
3,458
3,457
3,456
3,455
4294967278,359
3,454
3,453
3,452
3,451
3,450
3,449
3,448
4294967278,358
3,447
3,446
3,445
3,444
3,443
3,442
4294967278,357
3,441
3,440
3,439
3,438
3,437
3,436
4294967278,356
3,435
3,434
3,433
3,432
3,431
3,430
4294967278,355
3,429
3,428
3,427
3,426
3,425
3,424
3,423
4294967278,354
3,422
3,421
3,420
3,419
3,418
3,417
4294967278,353
3,416
3,415
3,414
3,413
3,412
3,411
4294967278,352
3,410
3,409
3,408
3,407
3,406
3,405
4294967278,351
3,404
3,403
3,402
3,401
3,400
3,399
3,398
4294967278,350
3,397
3,396
3,395
3,394
3,393
3,392
4294967278,349
3,391
3,390
3,389
3,388
3,387
3,386
3,385
3,384
4294967278,348
3,383
3,382
3,381
3,380
3,379
3,378
3,377
4294967278,347
3,376
3,375
3,374
3,373
3,372
3,371
3,370
4294967278,346
3,369
3,368
3,367
3,366
3,365
3,364
3,363
4294967278,345
3,362
3,361
3,360
3,359
3,358
3,357
3,356
4294967278,344
3,355
3,354
3,353
3,352
3,351
3,350
3,349
3,348
4294967278,343
3,347
3,346
3,345
3,344
3,343
3,342
3,341
4294967278,342
3,340
3,339
3,338
3,337
3,336
3,335
3,334
4294967278,341
3,333
3,332
3,331
3,330
3,329
3,328
3,327
4294967278,340
3,326
3,325
3,324
3,323
3,322
3,321
3,320
4294967278,339
3,319
3,318
3,317
3,316
3,315
3,314
3,313
4294967278,338
3,312
3,311
3,310
3,309
3,308
3,307
3,306
3,305
4294967278,337
3,304
3,303
3,302
3,301
3,300
3,299
3,298
4294967278,336
3,297
3,296
3,295
3,294
3,293
3,292
3,291
4294967278,335
3,290
3,289
3,288
3,287
3,286
3,285
3,284
4294967278,334
3,283
3,282
3,281
3,280
4294967278,333
3,279
3,278
3,277
3,276
3,275
4294967278,332
3,274
3,273
3,272
3,271
4294967278,331
3,270
3,269
3,268
3,267
4294967278,330
3,266
3,265
3,264
3,263
4294967278,329
3,262
3,261
3,260
3,259
3,258
4294967278,328
3,257
3,256
3,255
3,254
4294967278,327
3,253
3,252
3,251
3,250
4294967278,326
3,249
3,248
3,247
3,246
4294967278,325
3,245
3,244
3,243
3,242
4294967278,324
3,241
3,240
3,239
3,238
3,237
4294967278,323
3,236
3,235
3,234
3,233
4294967278,322
3,232
3,231
3,230
3,229
4294967278,321
3,228
3,227
3,226
3,225
4294967278,320
3,224
3,223
3,222
3,221
3,220
4294967278,319
3,219
3,218
3,217
3,216
4294967278,318
3,215
3,214
3,213
3,212
3,211
3,210
4294967278,317
3,209
3,208
3,207
3,206
3,205
3,204
4294967278,316
3,203
3,202
3,201
3,200
3,199
3,198
4294967278,315
3,197
3,196
3,195
3,194
3,193
3,192
4294967278,314
3,191
3,190
3,189
3,188
3,187
3,186
4294967278,313
3,185
3,184
3,183
3,182
3,181
4294967278,312
3,180
3,179
3,178
3,177
3,176
3,175
4294967278,311
3,174
3,173
3,172
3,171
3,170
3,169
4294967278,310
3,168
3,167
3,166
3,165
3,164
